200 -124.979 0.00573241 0.00108093 0.38 0.46
300 -125.772 0.00455805 0.00219117 0.37 0.48
400 -125.331 0.00522924 0.0021344 0.433333 0.44
500 -128.194 0.0059203 0.00944746 0.405 0.405
600 -125.023 0.00595924 0.00479749 0.424 0.444
700 -125.91 0.00570027 0.0033001 0.406667 0.416667
800 -125.157 0.00614113 0.00371737 0.417143 0.437143
900 -125.635 0.00666957 0.00435352 0.4175 0.445
1000 -125.571 0.00562541 0.00268263 0.426667 0.448889
1100 -126.009 0.00499714 0.00402328 0.428 0.468
1200 -127.738 0.0083459 0.00702523 0.438182 0.463636
1300 -125.075 0.00836837 0.000911086 0.438333 0.478333
1400 -126.279 0.00628142 0.00450338 0.432308 0.48
1500 -126.094 0.00791153 0.00201647 0.435714 0.482857
1600 -125.484 0.00708093 0.00153291 0.433333 0.478667
1700 -125.28 0.00672783 0.000664263 0.43 0.48875
1800 -128.876 0.00848911 0.00770291 0.435294 0.492941
1900 -126.388 0.00534788 0.00511938 0.437778 0.491111
2000 -125.4 0.00544079 0.00445975 0.444211 0.495789
2100 -125.388 0.0052454 0.00541251 0.447 0.492
2200 -125.903 0.00502782 0.00320528 0.441905 0.49619
2300 -125.444 0.00681327 0.00453459 0.445455 0.502727
2400 -128.593 0.0083314 0.00906608 0.445217 0.506957
2500 -127.524 0.00902187 0.000207657 0.4475 0.508333
2600 -125.995 0.00525238 0.00391947 0.4472 0.5064
2700 -125.627 0.00479684 0.00209176 0.445385 0.499231
2800 -125.005 0.0057872 0.000905918 0.441481 0.497778
2900 -125.14 0.00510825 0.000753931 0.445 0.495714
3000 -125.248 0.00497932 0.00153186 0.442759 0.488966
3100 -127.069 0.00844014 0.00395049 0.444 0.488
3200 -125.034 0.00620719 0.00296259 0.445806 0.488387
3300 -125.089 0.00533424 0.00261322 0.449375 0.486875
3400 -126.619 0.00724811 0.00658161 0.442424 0.487273
3500 -125.219 0.00637073 0.00179037 0.442353 0.49
3600 -125.62 0.00715277 0.000333312 0.442286 0.490286
3700 -126.01 0.00606339 0.00728088 0.438333 0.486667
3800 -125.623 0.00696184 0.00451133 0.439459 0.481081
3900 -125.545 0.00469528 0.00235437 0.44 0.481053
4000 -128.476 0.00993868 0.00296376 0.437949 0.473333
4100 -125.105 0.00557346 5.9764e-05 0.436 0.4725
4200 -125.169 0.00534961 0.00171042 0.438049 0.47122
4300 -125.078 0.00568608 0.00336795 0.441429 0.475714
4400 -126.754 0.00739636 0.00608927 0.44093 0.475349
4500 -127.315 0.00877171 0.0046021 0.441818 0.478182
4600 -126.464 0.00406886 0.00129224 0.441333 0.482667
4700 -125.111 0.00577292 0.00464417 0.442174 0.476957
4800 -125.967 0.00546321 0.00439717 0.441277 0.474043
4900 -125.156 0.00508289 0.00121876 0.442083 0.474583
5000 -125.575 0.00717454 0.00258132 0.442041 0.471837
5100 -125.121 0.00532674 0.000138411 0.4432 0.472
5200 -125.426 0.00688794 0.000254069 0.443529 0.472941
5300 -126.101 0.00796691 0.00148263 0.442692 0.470769
5400 -127.211 0.00885272 0.00263741 0.443019 0.472075
5500 -125.49 0.00714392 0.000996896 0.441852 0.475556
5600 -130.296 0.01111 0.00428922 0.440364 0.476364
5700 -125.581 0.00700242 0.00327462 0.438214 0.475
5800 -125.043 0.00602649 0.00152522 0.438596 0.474737
5900 -125.226 0.00675075 0.00166958 0.44 0.476552
6000 -125.02 0.0054505 0.000528076 0.437627 0.475593
6100 -124.993 0.00566885 0.000975624 0.439 0.475667
6200 -126.016 0.00784678 0.00259213 0.442295 0.475082
6300 -125.946 0.00771514 0.00176848 0.442903 0.479032
6400 -125.175 0.0059082 0.0026921 0.443175 0.479683
6500 -125.106 0.00637643 0.00218091 0.440937 0.473438
6600 -127.608 0.0061649 0.00903829 0.441231 0.472
6700 -125.257 0.00575873 0.00408618 0.439394 0.471212
6800 -125.1 0.00551381 0.000206346 0.441194 0.468955
6900 -125.002 0.00584157 0.00080987 0.442647 0.471176
7000 -128.596 0.00971453 6.62934e-05 0.442319 0.472754
7100 -124.978 0.00580849 0.00237141 0.442286 0.472857
7200 -125.81 0.0043175 0.000366081 0.44338 0.47493
7300 -125.331 0.006548 0.00488598 0.442778 0.475
7400 -125.028 0.00619237 0.000661341 0.442466 0.473151
7500 -125.477 0.00471387 0.00194038 0.443514 0.475676
7600 -129.562 0.0074046 0.0117581 0.441867 0.4744
7700 -126.433 0.00534236 0.00577151 0.440263 0.473158
7800 -125.466 0.00641984 0.00175899 0.44026 0.472987
7900 -125.453 0.00610234 0.00608944 0.440769 0.473077
8000 -128.606 0.00696549 0.00639956 0.440253 0.473418
8100 -128.094 0.00940443 0.000131987 0.44025 0.472
8200 -124.995 0.00574499 0.000592958 0.439753 0.473827
8300 -125.614 0.00737955 0.000723905 0.43878 0.473659
8400 -126.826 0.0042245 0.00324129 0.438795 0.474458
8500 -125.419 0.0061967 0.00500571 0.439524 0.473333
8600 -127.266 0.00891141 0.00390439 0.439059 0.475294
8700 -125.361 0.00546121 0.00543247 0.437907 0.476512
8800 -125.238 0.00591665 0.00395248 0.43954 0.476552
8900 -125.196 0.00514557 0.00012881 0.440682 0.476591
9000 -125.758 0.00625026 0.00272879 0.441124 0.477753
9100 -125.608 0.00686102 0.00266182 0.441333 0.476222
9200 -126.624 0.00842395 0.00176376 0.441978 0.47956
9300 -125.16 0.00583635 0.00205664 0.441957 0.479348
9400 -126.076 0.00660373 0.0103941 0.442151 0.478065
9500 -125.185 0.00503449 0.000730799 0.44234 0.476383
9600 -125.162 0.00536176 0.00161343 0.442526 0.473474
9700 -126.94 0.00634033 0.00704137 0.442708 0.471667
9800 -125.161 0.00513266 0.000313534 0.443711 0.471959
9900 -126.878 0.00450018 0.00360979 0.442449 0.471224
10000 -125.025 0.00551964 0.000457487 0.442626 0.471313
10100 -125.077 0.00605507 0.000355483 0.443 0.472
10200 -125.478 0.00526789 0.00503383 0.443168 0.473069
10300 -125.577 0.0072276 0.000538791 0.443529 0.472549
10400 -125.592 0.00489238 0.00135209 0.441553 0.471456
10500 -125.662 0.00733307 0.00181448 0.440769 0.473654
10600 -125.57 0.00725978 0.00111487 0.440762 0.474667
10700 -130.267 0.00773041 0.0126179 0.441509 0.473774
10800 -132.871 0.0120258 0.00846746 0.440935 0.474953
10900 -125.541 0.00592445 0.00609447 0.440741 0.473148
11000 -125.545 0.00542033 0.00436807 0.441651 0.473945
11100 -126.323 0.00790573 0.002033 0.441273 0.472909
11200 -128.288 0.00669065 0.00497764 0.441982 0.473874
11300 -125.258 0.0065992 0.000319843 0.442679 0.474464
11400 -125.625 0.00733716 0.00274326 0.443363 0.475044
11500 -125.333 0.00514831 0.00233406 0.442982 0.474737
11600 -125.03 0.0054046 0.00119786 0.443826 0.477217
11700 -125.01 0.00554268 0.00107333 0.444655 0.477241
11800 -126.322 0.00610646 0.00495693 0.444103 0.477778
11900 -128.429 0.00969539 0.00111855 0.445254 0.478136
12000 -125.143 0.00534065 0.000103815 0.44605 0.476471
12100 -125.865 0.00755256 0.000406326 0.4465 0.475167
12200 -125.452 0.00540397 0.00349617 0.446116 0.476198
12300 -125.128 0.0062128 0.000158526 0.446066 0.476393
12400 -125.504 0.00724081 0.00106154 0.446829 0.476911
12500 -125.833 0.0064491 0.00340642 0.448226 0.477097
12600 -126.932 0.00821161 0.0100537 0.44784 0.4784
12700 -129.518 0.00983826 0.00961746 0.447937 0.478254
12800 -125.238 0.00582809 0.00399388 0.447087 0.476063
12900 -127.244 0.00891304 0.0041874 0.446719 0.474219
13000 -125.021 0.00619048 0.00270217 0.446822 0.473643
13100 -125.217 0.00670592 0.00089954 0.446769 0.472769
13200 -126.178 0.00740364 0.00385787 0.44687 0.473588
13300 -125.276 0.00491456 0.000599319 0.446667 0.473636
13400 -125.515 0.00678358 0.00700454 0.447068 0.474135
13500 -125.086 0.00529469 0.000437985 0.447313 0.473731
13600 -125.073 0.00526642 0.00217329 0.448148 0.474667
13700 -128.466 0.00991805 0.00190259 0.448382 0.475
13800 -125.129 0.0051565 0.000559214 0.447883 0.474015
13900 -126.428 0.00819653 0.00119413 0.447826 0.474058
14000 -127.263 0.004461 0.00878632 0.448345 0.474388
14100 -128.153 0.00948585 0.00198499 0.448571 0.473429
14200 -125.674 0.00665681 0.00295812 0.448794 0.47305
14300 -127.473 0.00884701 0.00489781 0.447746 0.47169
14400 -126.804 0.00390528 0.00147342 0.447413 0.472168
14500 -124.983 0.00574998 0.00155506 0.448333 0.471944
14600 -125.041 0.00610764 0.000918804 0.449655 0.471862
14700 -126.078 0.00775571 0.00358572 0.44863 0.469452
14800 -125.341 0.00696349 0.00143492 0.449116 0.468299
14900 -128.472 0.00347144 0.00261565 0.448243 0.468784
15000 -125.753 0.00434941 0.00109493 0.448188 0.468993
15100 -126.328 0.0039638 0.000932489 0.448133 0.469733
15200 -125.753 0.00668595 0.00314772 0.448477 0.470861
15300 -125.017 0.00565215 0.00449876 0.448553 0.471184
15400 -127.236 0.00589532 0.00584181 0.447712 0.470458
15500 -125.737 0.00442176 0.00230981 0.447792 0.470779
15600 -125.211 0.00579491 0.00388384 0.448129 0.470194
15700 -125.188 0.00668983 0.00111959 0.448846 0.471026
15800 -125.34 0.00676394 0.0028588 0.448662 0.470446
15900 -125.066 0.00636841 0.00136065 0.449494 0.470759
16000 -125.406 0.0048813 0.00214718 0.449182 0.470943
16100 -125.046 0.0054875 0.00141878 0.449125 0.471875
16200 -125.203 0.00661933 0.000717962 0.449441 0.471304
16300 -125.518 0.0070714 0.000443035 0.449383 0.470988
16400 -125.186 0.00512976 0.000388248 0.449325 0.471166
16500 -125.257 0.00496957 0.00050566 0.449634 0.470854
16600 -125.291 0.0068657 0.00217385 0.449576 0.471636
16700 -125.768 0.00462739 0.0072134 0.449277 0.470241
16800 -125.472 0.0064072 0.00379114 0.44982 0.46982
16900 -125.833 0.00462439 0.00179046 0.449762 0.47
17000 -128.274 0.00910796 0.00672283 0.449704 0.469467
17100 -126.23 0.00419826 0.00231477 0.449647 0.469176
17200 -125.443 0.00407558 0.00343254 0.449708 0.47076
17300 -125.156 0.0065939 0.000645374 0.450116 0.470581
17400 -125.134 0.00512801 0.00176934 0.450058 0.470173
17500 -125.299 0.00486104 0.000889431 0.449885 0.470575
17600 -126.521 0.00387116 0.00193581 0.449371 0.469143
17700 -125.171 0.00659654 0.00192748 0.448864 0.468864
17800 -125.226 0.00675665 0.0022793 0.449605 0.468927
17900 -125.151 0.00518466 0.000190694 0.449551 0.468876
18000 -125.216 0.0063772 0.000109597 0.449385 0.468715
18100 -126.1 0.00796923 0.00115159 0.449111 0.468444
18200 -126.498 0.0043576 0.00267347 0.449171 0.467624
18300 -125.711 0.00503325 0.00298807 0.44956 0.468242
18400 -125.947 0.0077914 0.00281891 0.450164 0.467322
18500 -125.547 0.00492253 0.00358259 0.450217 0.468152
18600 -125.139 0.00613114 0.000233458 0.450378 0.468
18700 -125.584 0.00456361 0.000113046 0.451075 0.46828
18800 -125.161 0.00656302 0.00176367 0.451444 0.468235
18900 -126.216 0.00497411 0.00449558 0.451383 0.467128
19000 -126.239 0.00399786 0.00121528 0.451746 0.466349
19100 -125.451 0.00527003 0.00422905 0.452211 0.467368
19200 -127.054 0.00816377 0.00566867 0.452565 0.467644
19300 -125.359 0.00514357 0.00279257 0.451667 0.466354
19400 -125.334 0.00685809 0.000826014 0.450881 0.465803
19500 -125.017 0.00595363 0.00101787 0.451031 0.46567
19600 -125.45 0.00682936 8.36186e-05 0.451077 0.466564
19700 -125.357 0.00691208 0.000967374 0.451224 0.466633
19800 -125.981 0.00597144 0.00458296 0.45066 0.467817
19900 -125.346 0.00504874 0.00217319 0.45 0.468182
20000 -125.623 0.00740174 0.00096078 0.449849 0.466633
20100 -127.971 0.00957908 0.00284842 0.4495 0.4655
20200 -124.996 0.00606548 0.00170338 0.450149 0.466667
20300 -125.336 0.00479329 0.00149305 0.450792 0.46703
20400 -125.01 0.00548756 0.000912622 0.451527 0.467291
20500 -125.982 0.00700522 0.00567948 0.450882 0.466667
20600 -125.301 0.00680047 0.00049379 0.450537 0.467024
20700 -125.099 0.00637047 0.00171554 0.451165 0.466602
20800 -125.355 0.0069895 0.00124889 0.450918 0.467343
20900 -125.28 0.00662993 0.000137211 0.451538 0.4675
21000 -126.082 0.00717488 0.00635017 0.451292 0.467943
21100 -126.108 0.00583753 0.00647978 0.451333 0.467429
21200 -125.056 0.00592423 0.000576707 0.450521 0.466256
21300 -125.19 0.00640607 0.000173704 0.450377 0.466792
21400 -125.252 0.00640734 9.05862e-06 0.450516 0.467606
21500 -125.994 0.00416147 0.000418503 0.450841 0.468505
21600 -125.232 0.00497443 0.00105179 0.45107 0.468093
21700 -125.117 0.00519721 0.000793413 0.450741 0.467593
21800 -125.622 0.00514699 0.00523045 0.451613 0.468479
21900 -125.138 0.00572632 0.00303694 0.451651 0.469266
22000 -126.073 0.00668472 0.00694749 0.450959 0.46895
22100 -127.089 0.00492956 0.00354119 0.450364 0.468727
22200 -125.955 0.00677494 0.00616355 0.449774 0.468145
22300 -125.228 0.00547066 0.00469306 0.449459 0.467748
22400 -126.466 0.00391466 0.00156404 0.449058 0.467444
22500 -125.057 0.00617196 0.00115121 0.449464 0.467679
22600 -126.881 0.00581531 0.00316733 0.448978 0.468
22700 -127.657 0.00852336 0.00716501 0.448938 0.468053
22800 -125.356 0.00606305 0.00537069 0.448722 0.467841
22900 -126.913 0.00616273 0.00569366 0.448509 0.467105
23000 -125.139 0.00642509 0.00425519 0.448122 0.467162
23100 -125.516 0.00725922 0.0020729 0.447739 0.466696
23200 -126.589 0.00426645 0.00574162 0.447706 0.466494
23300 -126.141 0.00588004 0.00544192 0.447241 0.466379
23400 -128.243 0.00591392 0.00754673 0.447296 0.466695
23500 -127.349 0.00530333 0.00732607 0.447009 0.466325
23600 -125.986 0.0059481 0.00500791 0.447489 0.465957
23700 -125.945 0.00502795 0.00457231 0.447203 0.466017
23800 -129.404 0.00289753 0.0019366 0.447342 0.466582
23900 -126.178 0.00780327 7.77136e-05 0.447395 0.466807
24000 -125.006 0.00550482 0.000764613 0.447364 0.466695
24100 -125.921 0.00729524 0.0046918 0.447 0.466333
24200 -125.112 0.00647028 0.000701181 0.447054 0.466805
24300 -126.098 0.00796822 0.0018629 0.446942 0.466446
24400 -125.689 0.00635076 0.00410411 0.446255 0.466502
24500 -125.045 0.00535372 0.000582082 0.446803 0.466721
24600 -125.617 0.00539274 0.00361762 0.446531 0.467347
24700 -126.447 0.00725433 0.00576006 0.446829 0.466992
24800 -125.369 0.00642347 0.00134611 0.446559 0.466559
24900 -126.265 0.00797871 0.00115175 0.446613 0.466694
25000 -125.018 0.00582541 0.00261749 0.446988 0.466506
25100 -128.874 0.00293007 0.00276013 0.4472 0.46712
25200 -127.556 0.0088629 0.00642037 0.447092 0.46749
25300 -125.241 0.00678571 0.000647666 0.447143 0.467778
25400 -127.601 0.00713317 0.00670777 0.446324 0.467984
25500 -125.132 0.00515361 0.00119436 0.446299 0.467165
25600 -125.431 0.00576927 0.0040017 0.446431 0.467294
25700 -126.168 0.00428412 0.00191165 0.446641 0.467813
25800 -126.513 0.00649601 0.00320348 0.447237 0.468949
25900 -125.012 0.00595217 0.00123272 0.447287 0.468527
26000 -125.083 0.00551565 0.000197159 0.44695 0.469112
26100 -125.234 0.0064574 0.000185307 0.447385 0.469231
26200 -125.436 0.00493734 0.00188492 0.447433 0.469195
26300 -126.039 0.00412942 0.000357661 0.447252 0.470382
26400 -125.085 0.00623657 0.00225452 0.447072 0.470798
26500 -125.167 0.00630792 0.0025769 0.4475 0.471212
26600 -125.687 0.00732477 0.00326361 0.447094 0.470113
26700 -125.126 0.0065159 0.00125647 0.447293 0.470526
26800 -126.741 0.00527878 0.00287599 0.447491 0.469813
26900 -129.23 0.00431211 0.00515561 0.447463 0.470149
27000 -125.4 0.00673238 0.002043 0.447807 0.471078
27100 -125.804 0.00431729 0.0006104 0.448074 0.470889
27200 -125.011 0.00592874 0.000351108 0.448118 0.470849
27300 -125.839 0.0043902 0.00199399 0.448235 0.470294
27400 -126.414 0.00582199 0.00637459 0.448645 0.469817
27500 -125.019 0.00548051 0.00107212 0.448832 0.47
27600 -126.188 0.00538664 0.00443821 0.448945 0.470255
27700 -125.115 0.00532079 0.00130898 0.448913 0.46942
27800 -124.994 0.00585019 0.0014318 0.448809 0.469747
27900 -126.34 0.00433661 0.00534629 0.448849 0.469784
28000 -125.193 0.00644891 0.00180295 0.448889 0.469391
28100 -125.402 0.00470522 0.00170366 0.449143 0.469357
28200 -125.167 0.0050876 0.00204639 0.449395 0.469537
28300 -129.722 0.00865477 0.00567185 0.45 0.470709
28400 -125.999 0.00757282 2.77213e-05 0.450035 0.471519
28500 -125.512 0.00636025 0.00608379 0.45007 0.472254
28600 -125.669 0.00740888 0.00168563 0.450246 0.472211
28700 -125.355 0.00608389 0.00211291 0.450559 0.471888
28800 -125.058 0.00630976 0.00243506 0.450523 0.471498
28900 -125.275 0.00568976 0.00204315 0.450694 0.470625
29000 -125.897 0.00468318 0.00453314 0.450381 0.470381
29100 -126.592 0.00380967 0.00072756 0.450621 0.47069
29200 -125.439 0.00629169 0.00620641 0.450241 0.470653
29300 -125.145 0.00519675 0.00367025 0.450342 0.470137
29400 -125.984 0.00422 0.00294524 0.450239 0.470034
29500 -125.401 0.0063833 0.0031377 0.449796 0.469864
29600 -128.851 0.00815468 0.0061688 0.450034 0.469695
29700 -129.801 0.00520645 0.0103292 0.449459 0.469662
29800 -126.277 0.00441412 0.00265515 0.44936 0.468552
29900 -125.838 0.00767182 0.00458844 0.448859 0.467785
30000 -125.75 0.00528496 0.0040686 0.448963 0.468294
30100 -125.053 0.00603261 0.000747645 0.449067 0.469133
30200 -126.973 0.00860729 0.00153769 0.449302 0.469236
30300 -125.389 0.0048886 0.00107913 0.449338 0.468609
30400 -125.375 0.00473528 0.00153685 0.449505 0.468911
30500 -125.442 0.00694042 0.00026003 0.450066 0.468947
30600 -126.535 0.00803804 0.00580697 0.450164 0.469508
30700 -125.006 0.00605233 0.00287366 0.449739 0.468758
30800 -125.259 0.00676758 0.00138895 0.449707 0.468664
30900 -125.736 0.00642572 0.00326119 0.449675 0.468312
31000 -125.341 0.00517215 0.0038544 0.449061 0.468414
31100 -125.066 0.00587572 0.000183247 0.449226 0.468194
31200 -125.769 0.00671255 0.00462751 0.44926 0.468039
31300 -125.15 0.00509187 0.000482794 0.449744 0.467692
31400 -127.442 0.00544928 0.00293827 0.449265 0.467859
31500 -125.481 0.00701764 0.0019263 0.449299 0.468025
31600 -127.052 0.00371759 0.00328164 0.449587 0.468254
31700 -125.341 0.00688127 0.00162202 0.449241 0.467975
31800 -125.879 0.00746441 0.000156031 0.449401 0.468454
31900 -125.66 0.00633059 0.00539007 0.449748 0.468742
32000 -127.122 0.00869099 0.000246047 0.449655 0.469404
32100 -125.505 0.00463288 0.000192404 0.449875 0.469438
32200 -125.011 0.00561704 0.00213683 0.449969 0.469782
32300 -125.041 0.00537502 0.000934339 0.45 0.470311
32400 -127.225 0.00561984 0.012026 0.449598 0.470093
32500 -126.243 0.00528879 0.00629961 0.449444 0.470123
32600 -126.966 0.00643236 0.00691884 0.449538 0.470277
32700 -125.8 0.0043555 0.00136399 0.449264 0.470736
32800 -125.883 0.00826965 0.00481162 0.448807 0.470214
32900 -126.838 0.00505791 0.00522254 0.448902 0.470427
33000 -127.49 0.00340879 0.00111123 0.448936 0.470274
33100 -125.212 0.00547657 0.00267428 0.448909 0.470182
33200 -125.332 0.00668619 8.73037e-05 0.448882 0.469668
33300 -126.238 0.00806791 0.00120976 0.448855 0.47006
33400 -127.025 0.0061237 0.00321821 0.449129 0.47015
33500 -125.391 0.00678576 0.000224475 0.449102 0.469162
33600 -126.398 0.00825531 0.000996103 0.449194 0.469552
33700 -125.09 0.00536826 0.000316709 0.449286 0.47006
33800 -125.431 0.00695213 0.000414461 0.449258 0.470326
33900 -125.779 0.00757363 0.000803688 0.449586 0.470533
34000 -125.571 0.00712255 0.00375804 0.449499 0.470442
34100 -125.602 0.00380012 0.00296574 0.449235 0.470647
34200 -125.507 0.00459503 0.00118111 0.449326 0.471437
34300 -126.327 0.00402966 0.00223628 0.449064 0.471111
34400 -126.161 0.00797519 0.00350067 0.449388 0.471545
34500 -125.097 0.00644576 0.00429202 0.449535 0.471337
34600 -125.641 0.00547073 0.0072046 0.449623 0.471826
34700 -126.2 0.00448431 0.00543882 0.449595 0.471965
34800 -125.419 0.00626943 0.00467637 0.449798 0.4717
34900 -125.042 0.00538672 0.00140639 0.449828 0.471494
35000 -125.656 0.00717635 0.00206284 0.449799 0.471519
35100 -125.433 0.00641428 0.00436844 0.449486 0.470686
35200 -129.011 0.00848915 0.00650034 0.449402 0.470028
35300 -125.361 0.00699989 0.00183893 0.449318 0.469659
35400 -125.246 0.00535314 0.00483852 0.449292 0.469575
35500 -126.003 0.00483523 0.00671 0.449096 0.46887
35600 -125.36 0.00613536 0.00402685 0.448507 0.468113
35700 -125.617 0.00739885 0.00116764 0.448539 0.46809
35800 -125.383 0.00700025 0.00206489 0.448683 0.468123
35900 -127.321 0.00721081 0.00752986 0.448268 0.467654
36000 -125.218 0.00518311 0.00300376 0.447911 0.467298
36100 -125.794 0.00714243 0.00384586 0.448111 0.467389
36200 -125.401 0.00488443 0.002822 0.448144 0.467978
36300 -125.045 0.0056312 0.00174886 0.448122 0.468287
36400 -125.291 0.00632712 0.00348883 0.448264 0.46865
36500 -125.234 0.0059669 0.00272106 0.448022 0.468681
36600 -125.022 0.00551799 0.00191783 0.448 0.468548
36700 -126.364 0.00722764 0.00458846 0.448033 0.468415
36800 -125.507 0.00463315 0.000181911 0.447902 0.468719
36900 -125.535 0.0070181 7.81221e-05 0.448098 0.468913
37000 -125.143 0.00624438 0.00016446 0.44813 0.469051
37100 -125.876 0.00425743 0.000649879 0.448541 0.469622
37200 -125.208 0.00673408 0.000498797 0.44814 0.469757
37300 -127.558 0.00570729 0.00507407 0.44828 0.469839
37400 -125.973 0.00551019 0.00314758 0.448311 0.469759
37500 -126.236 0.00944195 0.00490686 0.448342 0.470321
37600 -125.503 0.00627266 0.00351837 0.448053 0.47008
37700 -127.078 0.00880013 0.0010963 0.448085 0.470904
37800 -127.917 0.00948722 0.00361138 0.448011 0.470822
37900 -126.413 0.00667306 0.00407853 0.447989 0.470529
38000 -126.601 0.00671505 0.00629256 0.447968 0.469868
38100 -124.989 0.00565514 0.0017363 0.447737 0.469842
38200 -126.12 0.00770416 0.00479997 0.448031 0.469974
38300 -125.558 0.00729411 0.00228607 0.447906 0.470785
38400 -125.834 0.00723639 0.00722708 0.447781 0.470653
38500 -125.158 0.0062688 0.00286945 0.448177 0.470781
38600 -125.062 0.00556273 0.00066545 0.44826 0.470182
38700 -125.118 0.0057889 0.00248802 0.448342 0.47
38800 -126.096 0.00780071 0.000314619 0.448165 0.469509
38900 -125.454 0.00703565 0.00208437 0.44799 0.469227
39000 -126.201 0.0078202 0.000183698 0.448432 0.469614
39100 -125.82 0.00511685 0.00351941 0.448718 0.470154
39200 -125.07 0.00531045 0.00135699 0.448747 0.470128
39300 -124.982 0.00574006 0.00325189 0.448724 0.470561
39400 -125.962 0.00671393 0.00392085 0.448804 0.470687
39500 -125.671 0.00735189 0.000937431 0.449137 0.47132
39600 -126.445 0.00831419 0.00223555 0.449266 0.471747
39700 -125.226 0.00619329 0.00334322 0.449394 0.472172
39800 -127.167 0.0045522 0.00312671 0.44932 0.472191
39900 -125.496 0.00517714 0.00381107 0.448894 0.472211
40000 -125.07 0.00527473 0.00245686 0.448922 0.47188
40100 -125.458 0.00590338 0.00544645 0.4489 0.4724
40200 -125.49 0.00556644 0.00249534 0.448579 0.47202
40300 -125.215 0.00629237 0.00147145 0.448458 0.471542
40400 -125.074 0.0063913 0.00142487 0.448437 0.471861
40500 -125.14 0.0052256 0.0020998 0.448515 0.471535
40600 -125.224 0.00495198 0.00142697 0.448593 0.471951
40700 -125.477 0.00536718 0.00312706 0.448719 0.472217
40800 -126.49 0.00577602 0.00766079 0.448649 0.472039
40900 -125.276 0.00591365 0.00217716 0.448775 0.472108
41000 -126.001 0.00775744 0.00107083 0.448802 0.472078
41100 -125.992 0.00601914 0.00674921 0.448878 0.471366
41200 -125.298 0.00689775 0.00166262 0.448613 0.471046
41300 -126.093 0.00747071 0.00451373 0.448835 0.471408
41400 -125.226 0.00503085 0.000267486 0.44891 0.470993
41500 -125.111 0.00518576 0.000820312 0.448841 0.471063
41600 -127.699 0.0091974 0.000631151 0.44906 0.47147
41700 -125.344 0.00485627 0.000281535 0.449135 0.472019
41800 -125.022 0.00551804 0.000844763 0.449161 0.47199
41900 -125.756 0.00757076 0.00111142 0.449234 0.471818
42000 -125.092 0.00533981 0.00186552 0.449308 0.471933
42100 -124.995 0.00598633 0.00057309 0.449333 0.471524
42200 -125.642 0.00446394 0.00117537 0.449454 0.471829
42300 -126.003 0.00600514 0.00480122 0.449621 0.471564
42400 -125.208 0.00543593 0.00537967 0.449882 0.472057
42500 -124.978 0.00584718 0.00105041 0.449953 0.472925
42600 -126.432 0.00825362 0.00127919 0.450118 0.473459
42700 -126.465 0.00740577 0.00731111 0.450235 0.473474
42800 -125.411 0.0052048 0.00379259 0.450211 0.473724
42900 -125.533 0.00456283 0.000834699 0.449907 0.473318
43000 -125.353 0.00690198 0.0015139 0.449883 0.473193
43100 -125.091 0.00572734 0.00514704 0.449814 0.473628
43200 -125.623 0.00543468 0.00337831 0.449652 0.47355
43300 -125.864 0.00614472 0.00235239 0.449769 0.473704
43400 -125.935 0.00685632 0.00531713 0.449561 0.473256
43500 -125.063 0.00614177 0.00229656 0.449447 0.473088
43600 -126.791 0.00368865 0.00114813 0.449379 0.473011
43700 -127.597 0.00915118 0.00227725 0.449312 0.472982
43800 -125.402 0.0070807 0.00137228 0.449245 0.473181
43900 -127.245 0.0038145 0.00485925 0.449361 0.472785
44000 -125.179 0.00510864 0.0035559 0.449431 0.472301
44100 -125.205 0.0052885 0.00542098 0.449045 0.471682
44200 -127.765 0.00450623 0.00490788 0.448798 0.471791
44300 -126.556 0.00557278 0.00605588 0.448959 0.471403
44400 -127.994 0.00878431 0.00959511 0.448894 0.471467
44500 -125.019 0.00576892 0.00174643 0.448964 0.471892
44600 -127.233 0.00823754 0.00564391 0.448809 0.471685
44700 -129.07 0.010335 0.00391227 0.448655 0.471659
44800 -125.252 0.00495719 0.000299902 0.448859 0.471902
44900 -126.48 0.00792126 0.00204808 0.449107 0.472321
45000 -125.87 0.00550736 0.00563234 0.448864 0.472472
45100 -124.997 0.00559012 0.00188143 0.448711 0.472089
45200 -125.407 0.00478028 0.000132847 0.448647 0.471885
45300 -125.461 0.00707595 0.00784864 0.448761 0.471814
45400 -125.344 0.00540155 0.00382751 0.448874 0.471656
45500 -127.637 0.00779732 0.0068127 0.448722 0.47141
45600 -127.558 0.00454921 0.00544294 0.448747 0.470505
45700 -125.462 0.00487022 0.00189058 0.448684 0.47
45800 -127.256 0.00347876 0.000664224 0.448621 0.470066
45900 -126.852 0.00845453 6.54757e-05 0.448603 0.470437
46000 -125.341 0.00660481 9.93166e-06 0.448497 0.47037
46100 -125.257 0.00658201 0.000280411 0.448435 0.470391
46200 -127.647 0.00338426 0.00239142 0.448416 0.470065
46300 -125.675 0.00533358 0.00297759 0.448615 0.470173
46400 -127.312 0.0044606 0.00812367 0.448855 0.469762
46500 -125.319 0.00653153 0.003726 0.448707 0.469828
46600 -126.377 0.00594736 0.00921592 0.448645 0.470108
46700 -125.344 0.00670259 0.0040543 0.448798 0.470086
46800 -125.901 0.00721227 0.00573702 0.448865 0.469979
46900 -127.323 0.00903613 0.00301358 0.448632 0.469316
47000 -126.47 0.00828104 0.00199313 0.448913 0.469638
47100 -125.245 0.00662228 0.002687 0.448894 0.469745
47200 -125.289 0.00614633 0.00249848 0.448875 0.469766
47300 -125.158 0.00650756 0.000779942 0.44928 0.47072
47400 -126.592 0.00419498 0.00433768 0.449218 0.471036
47500 -125.63 0.00446355 0.000685287 0.449451 0.471603
47600 -125.371 0.00674386 0.00347113 0.449347 0.471747
47700 -125.053 0.00565922 0.000112096 0.44937 0.472101
47800 -125.487 0.00702983 0.00339921 0.449182 0.472495
47900 -127.978 0.00894556 0.00486037 0.448912 0.472259
48000 -126.393 0.00684231 0.00555489 0.448727 0.472025
48100 -126.486 0.00389033 0.00204351 0.449125 0.472042
48200 -125.954 0.00773786 0.00173419 0.449148 0.472225
48300 -124.99 0.00561893 0.00375697 0.449336 0.472116
48400 -125.911 0.00775869 0.00231721 0.449482 0.472008
48500 -125.168 0.00655185 0.00174788 0.449711 0.472025
48600 -125.113 0.00519546 0.0010103 0.449526 0.472041
48700 -128.457 0.00970846 0.00287335 0.449712 0.471728
48800 -125.678 0.00747479 0.0031328 0.44961 0.471047
48900 -125.643 0.00461238 0.00264664 0.449508 0.471434
49000 -125.617 0.00559155 0.00548736 0.449243 0.471084
49100 -125.763 0.00731593 0.00721389 0.448776 0.470367
49200 -124.988 0.00598182 0.00154551 0.44888 0.470265
49300 -126.859 0.00464815 0.00540678 0.448902 0.470325
49400 -125.836 0.00434548 0.00177459 0.448519 0.470345
49500 -124.991 0.00601556 0.00218945 0.448623 0.470526
49600 -125.245 0.00651302 0.000306323 0.448444 0.470465
49700 -125.854 0.00632325 0.00374395 0.448508 0.470645
49800 -126.598 0.00844083 0.00222547 0.448491 0.470825
49900 -125.622 0.00456348 0.00289859 0.448233 0.470723
50000 -129.762 0.0107259 0.0026546 0.448297 0.470701
50100 -125.57 0.0073207 0.000517463 0.44824 0.47148
50200 -125.077 0.00537256 0.0003488 0.448224 0.471377
50300 -125.423 0.00708434 0.000385318 0.448287 0.471673
50400 -125.81 0.00436048 0.00254038 0.44827 0.472167
50500 -126.003 0.00559885 0.00334507 0.448135 0.472103
50600 -125.02 0.00583784 0.000606409 0.448198 0.472158
50700 -126.172 0.0040737 0.00212389 0.448261 0.47249
50800 -125.747 0.00435595 0.000801134 0.448442 0.472544
50900 -125.074 0.00544043 0.000267179 0.448425 0.472677
51000 -125.13 0.00592512 3.32869e-06 0.448487 0.472849
51100 -125.904 0.00744319 2.63088e-06 0.448353 0.47302
51200 -125.164 0.00616757 2.39555e-05 0.448415 0.473425
51300 -125.09 0.00638485 0.000654838 0.448437 0.47332
51400 -125.061 0.00565882 0.00400787 0.448382 0.472982
51500 -124.985 0.00566432 0.00112399 0.448444 0.472568
51600 -126.548 0.00813488 2.89747e-05 0.448621 0.47266
51700 -125.141 0.00613102 9.45877e-05 0.448721 0.472558
51800 -125.187 0.00633083 0.000160002 0.448665 0.47265
51900 -126.483 0.0082828 0.000934914 0.448533 0.472471
52000 -125.913 0.0075885 0.000446144 0.448285 0.472139
52100 -125.625 0.00462331 0.00115971 0.448385 0.4725
52200 -125.089 0.00542924 0.000481929 0.448407 0.472476
52300 -127.483 0.00891749 4.5033e-05 0.448314 0.472375
52400 -126.17 0.00420319 0.00136868 0.448222 0.47262
52500 -129.969 0.0108973 0.00325058 0.448168 0.472481
52600 -125.924 0.00479427 0.00103126 0.448114 0.472457
52700 -126.762 0.00860588 0.00339576 0.448099 0.472395
52800 -126.367 0.00392107 0.000662121 0.448197 0.472334
52900 -125.811 0.00541663 0.00322831 0.44822 0.4725
53000 -125.665 0.00741731 0.00393822 0.448393 0.472817
53100 -125.229 0.00537764 0.00117744 0.448226 0.473057
53200 -125.771 0.00704934 0.00443767 0.448249 0.473145
53300 -125.271 0.0053925 0.00425802 0.44812 0.472556
53400 -127.229 0.0038893 0.00395796 0.447955 0.472645
53500 -124.988 0.00577875 0.00123154 0.447903 0.472547
53600 -128.21 0.00804063 0.00528517 0.447925 0.472972
53700 -125.544 0.00728793 0.00088631 0.44791 0.472649
53800 -125.536 0.00636209 0.00575926 0.44797 0.472924
53900 -125.445 0.00465952 0.00032324 0.447732 0.472714
54000 -125.555 0.00459928 4.56898e-05 0.447755 0.472579
54100 -125.655 0.00456679 0.00249461 0.447778 0.472741
54200 -124.998 0.00601334 0.00145037 0.447837 0.47268
54300 -127.016 0.00856723 0.000143868 0.447934 0.472546
54400 -125.325 0.00673945 0.000565796 0.447772 0.472449
54500 -125.077 0.00554973 0.00164565 0.448015 0.472757
54600 -125.074 0.00546582 0.00182934 0.448 0.472954
54700 -124.996 0.00557484 0.00202089 0.448132 0.47304
54800 -125.56 0.00727776 0.000757119 0.448263 0.473236
54900 -125.392 0.00627429 0.00291208 0.448504 0.473139
55000 -125.012 0.00566101 0.00219533 0.448597 0.473005
55100 -125.648 0.00647789 0.00431378 0.448327 0.472691
55200 -125.71 0.00514638 0.0033915 0.448058 0.472015
55300 -126.058 0.00589106 0.00937832 0.44779 0.471667
55400 -125.039 0.00578219 0.000359173 0.447993 0.471609
55500 -125.104 0.00518721 0.00114394 0.448051 0.471552
55600 -126.207 0.00525662 0.00346172 0.448144 0.471784
55700 -125.043 0.00628098 0.00153828 0.448201 0.471691
55800 -127.178 0.00529721 0.00754378 0.447899 0.471706
55900 -133.06 0.00865918 0.0091663 0.448029 0.471864
56000 -126.02 0.005268 0.00511467 0.447728 0.471556
56100 -128.174 0.00537323 0.00793839 0.447536 0.471429
56200 -125.155 0.00507811 0.00131885 0.447487 0.471586
56300 -127.327 0.00906388 0.00614284 0.447331 0.47153
56400 -126.898 0.00766379 0.00792775 0.447282 0.471829
56500 -126.454 0.00453164 0.00324549 0.447234 0.471986
56600 -125.129 0.00559097 0.00232726 0.447044 0.471823
56700 -126.157 0.00801556 0.00244997 0.44689 0.472191
56800 -129.462 0.0104172 0.00499439 0.446631 0.472205
56900 -125.243 0.00492205 0.00124296 0.446831 0.472218
57000 -125.555 0.00722554 0.004654 0.446784 0.472267
57100 -127.654 0.00814766 0.007593 0.446386 0.471965
57200 -126.979 0.00401741 0.00177266 0.446305 0.471874
57300 -125.355 0.00564058 0.0018146 0.446364 0.472098
57400 -125.431 0.00470014 0.000895576 0.446457 0.472112
57500 -125.445 0.00713632 0.000428413 0.446516 0.4723
57600 -125.434 0.00710845 0.00193261 0.446748 0.472348
57700 -125.253 0.00525695 0.00360322 0.446632 0.472465
57800 -126.02 0.00844481 0.00485237 0.446828 0.473033
57900 -129.25 0.00632324 0.00547406 0.446955 0.473183
58000 -125.81 0.00764292 0.00286323 0.446736 0.47323
58100 -125.167 0.00572044 0.00217273 0.446828 0.473069
58200 -127.067 0.0086637 0.00037729 0.44685 0.473081
58300 -126.912 0.00844944 1.18848e-05 0.446804 0.473127
58400 -126.096 0.00776631 0.000296989 0.44693 0.473036
58500 -126.791 0.00407949 0.0030143 0.446986 0.473322
58600 -125.182 0.00656626 0.0022847 0.44694 0.473504
58700 -128.132 0.00372522 0.003024 0.446792 0.473447
58800 -124.987 0.00595821 0.000948033 0.446985 0.473901
58900 -126.959 0.0059692 0.00657024 0.447177 0.473912
59000 -125.12 0.00627299 0.000171477 0.447334 0.47416
59100 -125.117 0.00651427 0.00106758 0.44739 0.474475
59200 -127.223 0.00352138 0.000678394 0.447479 0.474518
59300 -125.139 0.00606608 8.42012e-05 0.447466 0.474696
59400 -125.161 0.00619133 0.000118548 0.447656 0.47511
59500 -126.236 0.00448214 0.00406411 0.447643 0.47532
59600 -125.273 0.00526714 0.00236466 0.447798 0.47563
59700 -126.288 0.00527424 0.00145438 0.447785 0.475671
59800 -128.209 0.00313521 0.000761383 0.448074 0.475511
59900 -125.387 0.00548579 0.0052109 0.448161 0.475719
60000 -125.92 0.00707791 0.00592299 0.448114 0.47586
60100 -125.53 0.00456107 0.00112296 0.4482 0.4757
60200 -128.586 0.005083 0.00435156 0.448186 0.47574
60300 -126.602 0.00844949 0.00237308 0.447874 0.47505
60400 -125.184 0.00533853 0.00310921 0.447927 0.475257
60500 -125.05 0.00631323 0.0010078 0.447715 0.475066
60600 -127.433 0.00495743 0.00483289 0.447769 0.47524
60700 -125.954 0.00720707 0.00756169 0.447855 0.474917
60800 -127.195 0.00888968 0.00521532 0.448007 0.47486
60900 -125.378 0.00704326 0.000797971 0.448158 0.475164
61000 -126.021 0.00632975 0.00343764 0.448079 0.474975
61100 -126.158 0.00491456 0.00426267 0.44823 0.474689
61200 -126.694 0.00411249 0.00279281 0.448183 0.474959
61300 -126.568 0.00678273 0.00578291 0.447778 0.474739
61400 -125.253 0.00491279 0.000823048 0.447667 0.47478
61500 -126.61 0.00844111 0.0015086 0.447785 0.474951
61600 -130.766 0.0063744 0.0121541 0.447805 0.474732
61700 -126.973 0.00411362 0.00614035 0.44776 0.475097
61800 -125.637 0.00657317 0.0030667 0.447618 0.474522
61900 -125.442 0.0071477 0.000778671 0.447638 0.474725
62000 -125.259 0.00542622 0.00204155 0.447754 0.474701
62100 -125.006 0.00550686 0.00239103 0.447774 0.474452
62200 -125.058 0.00543994 0.00202161 0.447729 0.474428
62300 -125.07 0.00529815 0.00132579 0.447717 0.474277
62400 -125.029 0.00620221 0.0027637 0.447416 0.473868
62500 -125.039 0.00550311 0.00621569 0.447436 0.473526
62600 -125.572 0.00725144 0.00630389 0.447296 0.473408
62700 -125.455 0.00487755 0.00417243 0.447284 0.473738
62800 -125.56 0.00563053 0.0019203 0.447241 0.473844
62900 -125.502 0.00459946 0.000895884 0.447166 0.473567
63000 -125.016 0.0061745 0.00329224 0.447218 0.473736
63100 -125.168 0.00663455 0.00464441 0.446889 0.473302
63200 -125.352 0.00694865 0.000848504 0.44691 0.473407
63300 -125.24 0.00606916 0.00557276 0.44693 0.473165
63400 -126.012 0.00786623 0.000816441 0.446761 0.473491
63500 -125.648 0.00712252 2.84567e-05 0.446845 0.473691
63600 -127.387 0.00884511 6.03681e-05 0.446803 0.473543
63700 -125.17 0.00630578 0.000127863 0.446698 0.473553
63800 -125.384 0.00484268 0.00328258 0.446876 0.473626
63900 -126.541 0.00840826 0.00134101 0.446834 0.473574
64000 -125.05 0.00573807 0.00371024 0.446917 0.473991
64100 -125.025 0.00568017 0.000622545 0.446813 0.474031
64200 -125.137 0.00511246 0.00106619 0.446771 0.473697
64300 -125.797 0.00752746 0.000562061 0.446791 0.473925
64400 -125.835 0.00626928 0.00404336 0.446781 0.474028
64500 -125.928 0.00366436 0.00488505 0.44677 0.473634
64600 -125.35 0.00697529 0.0025376 0.44676 0.473178
64700 -125.908 0.00725018 0.00391505 0.446718 0.473127
64800 -125.104 0.00521156 0.000493931 0.446553 0.472828
64900 -125.445 0.00643333 0.00351312 0.446667 0.472932
65000 -125.05 0.0063186 0.000968109 0.446718 0.472974
65100 -126.377 0.00820926 0.000876866 0.446646 0.473169
65200 -126.027 0.00761234 0.00267915 0.446851 0.473548
65300 -125.103 0.00578632 0.000100034 0.447025 0.47362
65400 -125.001 0.00590328 0.0031218 0.446983 0.473354
65500 -125.137 0.00516248 0.000311307 0.447187 0.473639
65600 -125.053 0.00545459 0.00313001 0.447359 0.473588
65700 -125.638 0.00685357 0.00349096 0.447317 0.47372
65800 -125.155 0.00529655 0.00453269 0.447154 0.47379
65900 -125.047 0.00549531 0.000601581 0.447204 0.473891
66000 -125.228 0.00513884 1.42335e-05 0.447344 0.474355
66100 -126.67 0.00375111 0.000217643 0.447333 0.474303
66200 -125.139 0.00622502 0.00023147 0.447322 0.474251
66300 -125.249 0.00655271 0.00139395 0.447523 0.474683
66400 -125.66 0.0051675 0.00781504 0.447602 0.474419
66500 -125.915 0.00761607 0.00386383 0.44759 0.474789
66600 -126.72 0.00845679 0.000637065 0.44782 0.475158
66700 -126.753 0.00515243 0.00375969 0.448078 0.475015
66800 -125.358 0.00701281 0.00125909 0.448006 0.475082
66900 -125.718 0.00750408 0.00104018 0.448054 0.47518
67000 -125.377 0.00658992 0.00314891 0.448072 0.475516
67100 -126.032 0.00758198 0.00291722 0.448179 0.475582
67200 -126.423 0.00817801 0.000651166 0.448227 0.47544
67300 -125.758 0.00559058 0.00755355 0.447887 0.475208
67400 -125.074 0.00620689 0.00194851 0.447875 0.475334
67500 -125.004 0.00551775 0.00277792 0.447893 0.47546
67600 -125.211 0.00667281 0.00292666 0.447704 0.475319
67700 -130.633 0.00992914 0.00751493 0.447544 0.475621
67800 -125.466 0.00618871 0.00501222 0.447504 0.475598
67900 -126.3 0.00404402 0.00287249 0.447463 0.475015
68000 -126.844 0.0085896 0.00331108 0.447541 0.475317
68100 -125.325 0.00685335 0.00233265 0.447618 0.475529
68200 -125.433 0.00482852 0.00574519 0.447401 0.475477
68300 -125.097 0.00529203 0.00116083 0.447537 0.475806
68400 -125.48 0.00694717 0.000323873 0.447408 0.4759
68500 -127.596 0.00923568 0.00208214 0.447456 0.47614
68600 -125.401 0.00692863 0.000639974 0.447445 0.476058
68700 -125.451 0.00484021 0.003405 0.447259 0.475918
68800 -125.244 0.00538293 0.00307075 0.447074 0.475779
68900 -127.974 0.00649607 0.0081064 0.447151 0.476017
69000 -129.074 0.00992107 0.0064872 0.447083 0.475704
69100 -125.314 0.00637826 0.00497923 0.447043 0.475536
69200 -126.291 0.00814575 0.00324388 0.446918 0.475572
69300 -125.982 0.00778236 0.000934206 0.446936 0.475838
69400 -124.987 0.00565008 0.00130183 0.446811 0.475642
69500 -125.106 0.00579578 7.89167e-05 0.446916 0.475764
69600 -125.335 0.00492027 1.09904e-05 0.446849 0.475885
69700 -125.149 0.00538569 2.21239e-05 0.447011 0.476006
69800 -126.401 0.00800556 0.000107028 0.447145 0.476126
69900 -125.945 0.00424002 1.48218e-05 0.447077 0.475931
70000 -125.164 0.00533342 6.64206e-06 0.446981 0.47588
70100 -125.884 0.00741921 2.63918e-06 0.447114 0.476029
70200 -125.133 0.00546624 2.0647e-05 0.447076 0.475949
70300 -124.982 0.0056806 0.0012861 0.447123 0.476011
70400 -126.117 0.00637418 0.00602853 0.447169 0.475761
70500 -126.468 0.0067838 0.00487502 0.447273 0.476023
70600 -127.894 0.00755405 0.0084065 0.447121 0.475943
70700 -125.53 0.00559752 0.00293138 0.446941 0.476034
70800 -125.808 0.00656155 0.0058114 0.447016 0.476153
70900 -125.401 0.00703379 0.00165202 0.446949 0.476215
71000 -125.525 0.0070946 0.000828174 0.447109 0.476333
71100 -125.084 0.00629725 0.0010452 0.447239 0.476282
71200 -125.109 0.00649856 0.00146599 0.447286 0.476456
71300 -125.094 0.00576859 0.000101957 0.447556 0.476376
71400 -125.13 0.00548151 2.49639e-05 0.447546 0.476494
71500 -125.062 0.00570208 0.00297418 0.447647 0.476555
71600 -125.257 0.00514764 0.002095 0.447776 0.47628
71700 -125.297 0.00485138 0.000928841 0.447654 0.476173
71800 -125.04 0.00543309 0.00119783 0.447615 0.476374
71900 -125.387 0.00677248 0.000109818 0.447604 0.476407
72000 -125.841 0.00767952 0.00320929 0.44765 0.476467
72100 -128.788 0.00641099 0.010441 0.447417 0.4765
72200 -125.807 0.00614878 0.00411308 0.447323 0.476449
72300 -126.388 0.00428445 0.00516373 0.447479 0.476731
72400 -125.327 0.00677792 0.000615832 0.447386 0.476653
72500 -126.737 0.00493871 0.00472876 0.447376 0.476657
72600 -125.264 0.00491039 0.00199669 0.44731 0.476469
72700 -126.381 0.00815427 0.00116474 0.447328 0.476584
72800 -125.217 0.00512233 0.000101192 0.447235 0.476561
72900 -126.586 0.00772587 0.0142753 0.447363 0.476703
73000 -125.759 0.00666972 0.00371815 0.447517 0.47679
73100 -126.496 0.00809725 0.00491472 0.447589 0.476767
73200 -126.543 0.0082895 0.00347781 0.447688 0.476826
73300 -125.165 0.00574949 0.00504981 0.447623 0.47694
73400 -126.378 0.00602013 0.0057611 0.447613 0.477026
73500 -125.711 0.00628152 0.00546784 0.447411 0.476894
73600 -125.113 0.00617131 0.00282753 0.447537 0.477007
73700 -125.387 0.00494371 0.000916271 0.447609 0.477364
73800 -125.133 0.00512185 0.00155944 0.447653 0.477259
73900 -125.131 0.00594601 0.00348 0.447669 0.477344
74000 -127.149 0.00761061 0.00765469 0.447524 0.477131
74100 -125.292 0.00500796 0.0026869 0.447432 0.477297
74200 -126.54 0.00687805 0.00642003 0.447449 0.477328
74300 -125.811 0.007511 0.00475707 0.447655 0.477628
74400 -125.873 0.00717985 0.00329799 0.447752 0.477443
74500 -125.868 0.00659535 0.00501326 0.447957 0.477231
74600 -126.952 0.00636327 0.00781515 0.447893 0.477128
74700 -126.676 0.006231 0.00405364 0.447855 0.476971
74800 -126.078 0.00633239 0.00202368 0.447657 0.477055
74900 -125.014 0.0055186 0.000294128 0.44762 0.477139
75000 -125.593 0.00449832 0.00187953 0.44769 0.476903
75100 -127.067 0.008575 0.00367595 0.44776 0.476987
75200 -125.112 0.00632635 0.00111955 0.447856 0.47723
75300 -126.141 0.00722849 0.00216015 0.447899 0.477287
75400 -126.277 0.00802331 0.00205285 0.447888 0.477264
75500 -130.498 0.00503177 0.00934695 0.447958 0.477454
75600 -126.313 0.00666311 0.00544241 0.447762 0.47751
75700 -125.102 0.0056779 0.000146164 0.447646 0.477275
75800 -126.599 0.00817734 2.43722e-05 0.447609 0.477252
75900 -126.544 0.0081569 3.32903e-05 0.447546 0.477177
76000 -125.305 0.00490135 0.000294268 0.447694 0.47726
76100 -125.155 0.0051113 0.00203958 0.447763 0.477289
76200 -125.069 0.00608533 0.000674041 0.447648 0.477477
76300 -125.059 0.00603268 0.000272628 0.447585 0.477612
76400 -125.584 0.00628553 0.00441998 0.447811 0.477798
76500 -125.214 0.00515586 0.00231861 0.447749 0.477696
76600 -125.231 0.00652682 0.000287891 0.447791 0.47783
76700 -127.255 0.00439696 0.00440999 0.447859 0.477781
76800 -125.497 0.00690045 0.00221838 0.447875 0.477966
76900 -125.333 0.0047922 0.000732184 0.447969 0.477891
77000 -125.725 0.00753549 0.000901141 0.447984 0.477789
77100 -125.515 0.00654902 0.00803491 0.447948 0.477792
77200 -125.131 0.00645697 0.00102101 0.448016 0.477639
77300 -125.026 0.00556854 0.00124268 0.448005 0.47772
77400 -125.808 0.00430455 0.000422603 0.448047 0.477594
77500 -125.818 0.00607831 0.00374286 0.44801 0.477468
77600 -127.691 0.00742248 0.00527098 0.447974 0.477497
77700 -129.116 0.00682844 0.0113336 0.448067 0.477448
77800 -126.86 0.00857851 0.000893436 0.447954 0.477194
77900 -126.153 0.00800665 0.00253137 0.448021 0.477249
78000 -125.314 0.00482 0.000642737 0.448087 0.47733
78100 -125.763 0.00584246 0.00393831 0.448154 0.477385
78200 -127.2 0.00451185 0.00421044 0.44799 0.477388
78300 -125.199 0.0060238 0.0018509 0.448133 0.477238
78400 -128.658 0.00746045 0.00995143 0.448148 0.477088
78500 -125.251 0.00674995 0.00204508 0.448087 0.476939
78600 -125.205 0.00638468 0.00323675 0.448025 0.476841
78700 -125.345 0.00555922 0.00302705 0.448066 0.476794
78800 -126.714 0.00736921 0.00424829 0.448056 0.476798
78900 -126.675 0.00473271 0.00391093 0.44797 0.476878
79000 -126.413 0.00574648 0.00518851 0.447959 0.47673
79100 -125.181 0.0059452 0.00371745 0.447823 0.476709
79200 -126.667 0.00376544 0.000227727 0.447813 0.476511
79300 -126.492 0.00836073 0.00234891 0.447727 0.476389
79400 -124.983 0.005697 0.0021231 0.447718 0.476368
79500 -125.299 0.00685168 0.00292698 0.447783 0.476524
79600 -126.753 0.00895987 0.00685372 0.447698 0.47683
79700 -125.086 0.00641928 0.00149667 0.447789 0.477111
79800 -125.54 0.00646131 0.00247214 0.447854 0.477114
79900 -127.872 0.00950549 0.00220989 0.44782 0.476942
80000 -125.045 0.00624636 0.00154798 0.447835 0.476996
80100 -125.975 0.00783373 0.00207121 0.447775 0.476775
80200 -127.745 0.00821466 0.00614167 0.44764 0.476804
80300 -126.25 0.00416525 0.00267782 0.447706 0.476908
80400 -126.149 0.00632642 0.00489015 0.447621 0.476663
80500 -127.668 0.00350559 0.00259344 0.447637 0.476692
80600 -125.334 0.00683675 0.0025279 0.447354 0.476422
80700 -125.037 0.00564644 0.000183168 0.44737 0.476526
80800 -125.222 0.00619741 0.00405443 0.447435 0.476704
80900 -124.997 0.00577491 0.00172628 0.447327 0.476807
81000 -126.175 0.00803467 0.00274863 0.447367 0.476836
81100 -125.209 0.0051071 0.00117012 0.447259 0.476494
81200 -125.057 0.00563643 0.000466971 0.447201 0.47635
81300 -125.159 0.00511418 0.00133511 0.447291 0.476478
81400 -125.445 0.00484589 0.00342299 0.447134 0.476482
81500 -125.095 0.005225 0.000914603 0.447027 0.476437
81600 -128.493 0.00688176 0.00534727 0.447117 0.476515
81700 -128.346 0.00760885 0.00418128 0.446961 0.476373
81800 -125.569 0.00603631 0.00131701 0.447099 0.476206
81900 -124.984 0.00566317 0.00157678 0.44709 0.476381
82000 -126.63 0.00378713 6.16789e-05 0.447082 0.476532
82100 -125.652 0.00716021 6.22748e-05 0.447195 0.476512
82200 -125.232 0.00634233 1.10287e-06 0.447259 0.476711
82300 -125.649 0.0071202 1.36704e-05 0.447299 0.476569
82400 -125.055 0.006327 0.00124861 0.447217 0.476719
82500 -125.325 0.00678259 0.00049762 0.447087 0.476626
82600 -125.357 0.00487361 3.81673e-05 0.446982 0.476582
82700 -125.492 0.00497046 0.00573838 0.447046 0.476538
82800 -125.047 0.00629367 0.00120802 0.447013 0.476421
82900 -130.85 0.0070038 0.0113477 0.446981 0.476449
83000 -125.029 0.00592371 0.0013954 0.447021 0.476478
83100 -126.733 0.00595467 0.00719792 0.44706 0.476265
83200 -125.363 0.00479023 0.00269286 0.446955 0.475981
83300 -126.595 0.00828015 0.00285953 0.446923 0.475841
83400 -125.737 0.00513788 0.00289575 0.447035 0.475918
83500 -126.696 0.00840208 0.0012075 0.447218 0.476163
83600 -130.168 0.0107029 2.60133e-05 0.447234 0.476359
83700 -125.979 0.00753426 1.74281e-05 0.447153 0.476292
83800 -125.032 0.00555721 0.000910367 0.447049 0.476272
83900 -125.184 0.00626806 0.00291375 0.447112 0.476301
84000 -126.266 0.0046226 0.00763489 0.447223 0.476329
84100 -125.719 0.00442501 0.00013902 0.447262 0.476167
84200 -125.096 0.00568054 8.84594e-05 0.447301 0.476195
84300 -125.197 0.00662648 0.000620147 0.447435 0.476223
84400 -127.573 0.00361335 0.00551334 0.447378 0.476323
84500 -125.127 0.00630405 0.00500928 0.447204 0.476232
84600 -125.2 0.00586325 0.00711046 0.447314 0.47626
84700 -125.624 0.00738142 0.00397678 0.447541 0.476383
84800 -125.279 0.00543709 0.00313078 0.447603 0.476458
84900 -126.557 0.00492306 0.00423618 0.447264 0.476038
85000 -125.075 0.00584871 0.000132084 0.447373 0.475901
85100 -125.928 0.00750536 0.000104847 0.447318 0.475765
85200 -125.521 0.00359262 9.55463e-05 0.447356 0.475699
85300 -126.674 0.0084699 0.0010445 0.447371 0.475681
85400 -125.229 0.00664301 0.00240545 0.447386 0.475709
85500 -125.323 0.00521279 0.00499795 0.447494 0.475644
85600 -128.125 0.00956917 0.000593555 0.447532 0.475602
85700 -125.084 0.00607689 0.000874708 0.44757 0.475607
85800 -125.056 0.00579011 0.000644051 0.447608 0.475799
85900 -126.501 0.00834363 0.00317449 0.447622 0.476014
86000 -128.308 0.00596585 0.00942069 0.447614 0.475925
86100 -126.658 0.00777968 0.00644374 0.447465 0.47607
86200 -126.419 0.00391283 0.00220965 0.447317 0.475912
86300 -124.994 0.00567231 0.00105466 0.447262 0.47587
86400 -125.897 0.007585 0.000508456 0.447346 0.475921
86500 -125.233 0.00569188 0.00327519 0.447361 0.475926
86600 -126.579 0.00389602 0.00291425 0.447445 0.476046
86700 -125.604 0.00707748 0.000117807 0.44739 0.476097
86800 -126.636 0.00379153 7.33212e-07 0.447382 0.476194
86900 -125.2 0.00622381 8.83029e-07 0.447235 0.476452
87000 -126.303 0.0039881 3.1938e-06 0.447388 0.476548
87100 -125.349 0.00667668 4.64534e-05 0.447471 0.476644
87200 -125.427 0.004707 0.000735586 0.447463 0.476785
87300 -125.701 0.00604684 0.00368528 0.447592 0.476858
87400 -125.529 0.00515316 0.0045809 0.447468 0.476953
87500 -125.817 0.00762998 0.00394585 0.447551 0.477071
87600 -128.057 0.00950797 0.000952184 0.447566 0.477166
87700 -124.99 0.00722622 0.000702546 0.44758 0.477283
87800 -125.49 0.00573662 0.00175316 0.447594 0.477377
87900 -126.801 0.0083904 0.000375258 0.447677 0.477426
88000 -125.079 0.00576312 0.000209479 0.447668 0.47727
88100 -125.261 0.00628779 0.00298414 0.447568 0.477364
88200 -125.703 0.00751079 0.00171953 0.447628 0.477299
88300 -125.422 0.00590797 0.0031581 0.447642 0.477347
88400 -125.131 0.00634337 0.000526043 0.447588 0.477146
88500 -126.757 0.0055163 0.00441733 0.447692 0.477217
88600 -125.539 0.00623879 0.00316985 0.447616 0.477062
88700 -125.235 0.00678862 0.000654168 0.447765 0.477156
88800 -126.159 0.00801128 0.00160335 0.447734 0.477317
88900 -125.105 0.00576899 0.00362689 0.447703 0.47723
89000 -125.056 0.00536768 0.00298307 0.447762 0.47712
89100 -126.012 0.00502869 0.00358477 0.447775 0.477056
89200 -124.988 0.00576189 0.00259052 0.447654 0.476947
89300 -125.216 0.00513993 0.000959893 0.447646 0.47704
89400 -126.801 0.00475194 0.005904 0.447615 0.477335
89500 -125.362 0.00672902 0.000152487 0.447673 0.477383
89600 -125.024 0.00602794 0.000250916 0.447709 0.477274
89700 -126.265 0.00706864 0.00743682 0.447701 0.477187
89800 -125.809 0.00607791 0.00297 0.447848 0.477146
89900 -125.33 0.00696694 0.00232349 0.447795 0.47706
90000 -126.745 0.00850013 0.00116734 0.447809 0.476952
90100 -125.231 0.00504439 0.00314634 0.447844 0.477
90200 -125.045 0.00623124 0.000563574 0.447925 0.476981
90300 -124.994 0.00562921 0.000486273 0.448004 0.477051
90400 -125.255 0.00658617 0.0036984 0.448084 0.477032
90500 -125.099 0.00547783 0.00131118 0.448119 0.477124
90600 -125.056 0.00607601 0.00264375 0.448088 0.477083
90700 -125.135 0.00607512 0.00200681 0.447903 0.476887
90800 -126.991 0.00706561 0.00874967 0.447784 0.476626
90900 -125.245 0.0049667 0.00119002 0.447643 0.476674
91000 -125.195 0.00555101 0.00411569 0.447503 0.476634
91100 -126.536 0.00479018 0.00478048 0.447582 0.476549
91200 -127.218 0.00606172 0.00426815 0.44753 0.476443
91300 -128.306 0.0098111 0.00374563 0.447522 0.476404
91400 -126.02 0.00479553 0.00287111 0.447404 0.476386
91500 -124.979 0.00572644 0.00206849 0.447309 0.476302
91600 -125.307 0.00538104 0.00184405 0.447257 0.476153
91700 -125.053 0.00629229 0.00207158 0.44738 0.476092
91800 -125.309 0.0066387 0.000181412 0.447394 0.476183
91900 -125.109 0.00561953 2.13284e-05 0.447473 0.476449
92000 -126.88 0.00366144 1.4964e-05 0.447508 0.47654
92100 -125.257 0.00543705 0.0023038 0.447696 0.476478
92200 -125.509 0.00476696 0.00363925 0.447622 0.476287
92300 -125.338 0.00686602 0.0036565 0.44757 0.476443
92400 -126.452 0.00818618 0.00533975 0.447627 0.47636
92500 -125.316 0.00681424 0.00414282 0.447662 0.476429
92600 -125.729 0.00693127 0.0075183 0.447568 0.476173
92700 -125.167 0.00655588 0.00123183 0.447624 0.476134
92800 -124.977 0.00582043 0.00219031 0.447573 0.475987
92900 -125.002 0.00552884 0.00101497 0.4475 0.475991
93000 -126.346 0.00498164 0.00338657 0.447513 0.476017
93100 -125.012 0.00608469 0.00511278 0.44757 0.475978
93200 -124.989 0.00600525 0.0018056 0.447497 0.475811
93300 -125.579 0.00500287 0.00711344 0.447511 0.475708
93400 -125.364 0.00573341 0.00328889 0.447503 0.475756
93500 -125.159 0.00616065 0.00143558 0.447409 0.475846
93600 -125.929 0.00554071 0.00461657 0.447444 0.475957
93700 -125.852 0.00762006 0.000794212 0.447564 0.476132
93800 -126.555 0.00827401 0.00634049 0.447385 0.476009
93900 -126.163 0.00799235 0.000982611 0.447228 0.4758
94000 -126.368 0.00736532 0.00275304 0.447178 0.475634
94100 -125.615 0.00739132 0.00223968 0.44717 0.475596
94200 -125.303 0.00660588 0.000325518 0.447269 0.4756
94300 -125.057 0.00634352 0.00274892 0.447261 0.475648
94400 -125.16 0.00659017 0.00089065 0.447359 0.475652
94500 -126.263 0.00445176 0.00504923 0.447479 0.475678
94600 -126.827 0.00818418 0.00422453 0.447577 0.47564
94700 -125.843 0.00498731 0.00498173 0.447463 0.475497
94800 -125.804 0.0045375 0.00508001 0.447413 0.475903
94900 -125.989 0.00735346 0.00444347 0.447384 0.475633
95000 -127.607 0.0092019 0.00265789 0.447418 0.475743
95100 -125.525 0.00701168 0.000145365 0.447516 0.475495
95200 -128.176 0.003218 0.00154083 0.447508 0.475436
95300 -125.933 0.00771197 0.00142782 0.447563 0.475483
95400 -125.011 0.00589319 0.00118235 0.447597 0.475488
95500 -125.61 0.0072513 0.00116986 0.447463 0.475346
95600 -126.709 0.00737617 0.00952022 0.44756 0.475372
95700 -125.584 0.00484484 0.00374512 0.447385 0.475084
95800 -126.146 0.00797296 0.00115935 0.447231 0.474984
95900 -127.124 0.00720982 0.00539536 0.447265 0.475031
96000 -125.382 0.00645375 0.0010823 0.447299 0.475057
96100 -125.911 0.00690513 0.00334224 0.447292 0.475146
96200 -125.915 0.00663478 0.00341718 0.447242 0.475026
96300 -125.163 0.00661792 0.00158441 0.447214 0.474948
96400 -125.803 0.00748389 0.00311939 0.44731 0.47487
96500 -125.998 0.00781567 0.00259242 0.447365 0.474876
96600 -124.993 0.00559067 0.00140724 0.447461 0.475109
96700 -126.485 0.00449341 0.00343007 0.447516 0.475445
96800 -126.599 0.00444935 0.00274593 0.44759 0.475636
96900 -125.586 0.00534254 0.00285057 0.447603 0.475579
97000 -126.283 0.00813996 0.00214883 0.447678 0.475604
97100 -125.333 0.00677222 0.00404337 0.44767 0.475856
97200 -127.44 0.00901313 0.00313212 0.44758 0.475675
97300 -126.957 0.00860487 0.000495623 0.447613 0.476008
97400 -127.33 0.00634218 0.00469352 0.447544 0.476197
97500 -125.127 0.00641266 0.00175513 0.447721 0.476386
97600 -126.542 0.00838343 0.00256476 0.447549 0.476062
97700 -127.311 0.00749731 0.00348701 0.44752 0.475922
97800 -125.548 0.00726231 0.00429783 0.447533 0.476131
97900 -126.092 0.00710426 0.001951 0.447648 0.476237
98000 -125.579 0.00892411 0.00390536 0.4476 0.476282
98100 -125.089 0.00630327 0.000409484 0.447714 0.476306
98200 -125.69 0.00593319 0.00297828 0.44787 0.476249
98300 -125.897 0.0070581 0.00471835 0.447658 0.47611
98400 -127.243 0.00779341 0.00447846 0.447548 0.47587
98500 -125.548 0.00540671 0.00333208 0.447561 0.475711
98600 -125.099 0.00599093 0.00335833 0.447695 0.475797
98700 -125.327 0.00512813 0.00453792 0.447586 0.47568
98800 -125.285 0.00688549 0.00224275 0.44772 0.475623
98900 -125.196 0.00617527 0.00270665 0.447672 0.475567
99000 -125.343 0.00486255 0.000193876 0.447705 0.47541
99100 -127.47 0.00573225 0.00572288 0.44798 0.475697
99200 -127.721 0.00939268 0.00314849 0.448012 0.476024
99300 -126.69 0.00375843 6.8281e-05 0.448145 0.476048
99400 -125.318 0.00659127 8.39632e-05 0.448197 0.475952
99500 -126.129 0.00408931 0.000273335 0.448229 0.475855
99600 -125.095 0.00643009 0.00257001 0.448322 0.475859
99700 -129.957 0.00529666 0.0122327 0.448153 0.475502
99800 -125.18 0.00600654 0.00166618 0.448064 0.475486
99900 -125.736 0.00654819 0.00600272 0.447996 0.475591
